1424659204
1477895181
1093670374
865818741
1426144382
918048777
1447339832
527977744
1355289006
1496292323
614421653
1124287624
1331437500
1004737246
1099579876
406879814
1348618059
1335379166
834538676
1421817428
1363369177
1447555966
992350952
1500632802
709595392
1400151804
1348488695
1452575701
762787533
626597092
1261189451
1478145347
1350393048
1247191686
1465397413
1240784470
959025811
985836505
1223969404
1304304991
1304305100
1085756271
1051121520
1436340389
1465463389
1037306895
794240935
521077279
266186991
907230929
905929034
985837385
1420834753
894795219
1471662723
1004229608
806618793
872619076
979972049
1480886997
1250108395
1434249228
358891651
1438917379
1008072405
1428360744
1304013684
1421084887
942634121
1232384133
1024406749
989043318
1444538598
1461057684
964050747
1034400116
441719493
1436444883
1437520059
925914632
1432882481
1291413993
1476675586
1449522270
1408464112
1434843525
1261214143
1262789559
1448261152
1320224560
1276346828
623875360
1472384858
1474223806
1150322552
1048552750
323526644
944750702
457103354
523799045
1250289067
1098848468
642006934
1423250935
1205144433
1352240222
698660891
1062921193
871963686
1323359048
881834822
989530974
1302156246
1334334745
634244171
1396312509
1456807448
1461160188
1326836448
1408670525
671389247
1152358100
1279399309
1335622434
1265121474
919283851
1226660479
1006205238
1299991769
1218794492
1193763542
1045947023
668491469
1400152950
1467206229
1228565636
1123833361
1451347316
955091325
1405418357
556960119
1214587777
1103219784
732985523
816804683
1411725616
1465330138
644139279
473375558
1449618738
1455610979
324336731
1466262453
1460851897
664677718
882213124
1342970246
1341324903
1318837931
762924849
1166872968
652145767
914835046
1081908414
1366500867
1097584791
1449507070
1357339030
828125441
1099556629
1435167843
1322983934
1006236745
1000804987
1049747822
1462875741
880270546
491470936
1474372005
1477653571
1428018901
953711198
1222004391
1016410185
809868905
1444947774
752062930
1417448363
541874044
1411094497
1081191758
1464726657
1487837413
1457480380
951516234
1446338909
1410871899
949663461
269049029
660184200
569034962
1044853171
863974022
1225515106
1030029318
1277441724
1421640547
1483138800
1283423169
1101355824
1312081705
1451323849
1439936941
575248789
1414397051
1094977053
1247295216
1451518868
1454334881
1426120912
565157558
1294744336
1314283204
1130128492
888209676
1104077686
397659702
1090945912
483405707
805473065
1413918365
1327382531
701032835
1406403866
751227323
1401400176
1101732257
1401969298
1097596541
891155468
1385028395
1453550728
671635367
1344709342
1456928993
1065537253
1440121019
1319310346
1040952092
1323889388
1449285557
1210150891
907716767
1349989455
1336955831
1391096039
839138588
1089016497
995692712
1056922396
1402066902
1456990588
780371035
1377252997
1294952204
1262664478
1317141384
1126312335
892847354
1317473117
1421450283
1080045130
1019874380
1434087167
1190407485
1209166478
1145350744
991270589
1244201268
1203668760
1414659692
1008030702
1457245479
1442632231
874914949
1447898569
1341251142
1325313909
1317772994
1259346068
1150405248
161868672
653259854
1494961837
1256371240
881981212
1464649307
804915960
1434066243
1247195786
974369477
722338429
890805518
1031512875
984129585
1073739545
811793129
1398230919
1342209916
565156943
818285518
1029706625
1442205633
1439474445
1444552162
957329452
1416782833
355335112
1450877787
1115569073
1494215127
358870335
1431935998
707940072
1031977093
1317581233
1290109966
249720031
193814040
1448311662
1354273003
1500653746
1069263701
1411438640
1157428218
1284389856
1402182112
248806314
166091782
851883259
1284518997
1069654433
1220357312
1430116019
564253101
1432466927
1097678167
1469123316
1016938619
735223369
1407127417
1315403205
1423221201
1091798108
1201388936
1447871047
1407165728
1350717791
1352713624
1464958791
1047801608
998920592
1430700353
1436083509
1044853131
1477361612
1391060646
1048701728
1414420937
1476096488
954620011
1336448222
1079751713
1230266851
1234227301
1495880906
1225883237
1259280828
1250294563
892355455
1471932203
1267825492
1381621479
1412303898
1210839546
886263006
900678122
1081746138
1213405642
1373355150
1068949384
1416655956
1372085370
1474894028
1349833177
250944956
1462694000
1386984829
728169200
838396506
1315695702
708475854
1130591116
1189461902
1437344901
1434243437
1396671968
1430359851
620156348
1406478083
827030689
663238403
1032521615
1278225418
1387410658
1436537512
1468019339
565152629
1370110718
1413860470
861714297
1203913401
349904146
1325307068
1454120108
925052439
1047467515
1091007481
1248769897
1296813265
1266818161
1458066781
1331275108
1442694667
918524484
1135724142
844916185
1288284676
1240389948
1277419882
937382695
1080157389
1264975337
1266527982
1427137455
1423988361
290545890
1451935521
1361984218
1049746387
1350906491
1429036256
728750367
1450634047
1364679109
1432613163
1350465850
1447387432
1388643704
1446467542
1430788216
749406413
1411909852
1506249345
842812291
225345668
742340649
1441341939
1340061701
1247298060
1042623725
1489699073
923739064
898420884
1337246649
1442169381
1449525183
1080251920
1058077567
1398801144
1351306150
998575373
948322067
1502282741
1431686426
1436543264
1421464660
565174011
1250283176
1202074553
1420815548
1403618743
638544383
1352674970
466861368
1323195108
1149611833
1452269883
678397052
395618037
1004301174
1209099610
1269681097
508701285
870124674
918253129
1477270135
565152373
1474363921
1065573033
1494460431
1416667164
323693708
1428600061
1474603770
1499959377
1452704695
1439953766
1436772267
1307360892
349971466
1419949560
710860015
1363177781
1099982969
1216360425
1461117046
1372021659
1307891531
1447702512
874665908
1287586708
1171224936
1145553986
1431561649
1232608297
1161351266
1101348197
1433278268
1230981585
1461533884
819722373
1154344994
1097598539
1468625119
1188857024
1474685331
1449523560
1422219373
1192181977
569033791
1000821511
1044842037
1438843423
1262786582
1460036874
1019875262
1356861521
1313982192
783449048
1036347244
1057886782
1407654119
1439852291
1202098160
1381932041
843812103
1469389260
1422665272
690848669
1442949690
1418664875
1451240724
1440317798
1341197348
620147862
565158911
970359485
1279504750
1113806204
1435163059
1384144300
1211072933
327243341
1436526004
1235687988
1477869359
620205530
1410963870
331242533
1118469232
1287098507
1441383513
1394548959
1281127050
304826640
1305801314
1147592237
992054901
1297230989
1263344980
1493262158
565152623
854289206
180750459
1304317187
1464595820
358912128
1446876041
1294075547
987142436
1406574210
569767530
1181014833
296760556
1331400349
1415818984
1391561434
875664603
994259702
267498250
831496734
984243148
218469763
1446410162
1050209128
1383459452
874927675
1252728170
1425048842
1422631933
1372016693
889769125
366469143
1064539460
1471153881
1458535452
1383764558
1227600058
1445418964
1483213953
971201878
889852682
611590352
1378314368
1474749137
1277611583
1448281615
658193853
955165025
1152141173
1053148373
1447829677
1254973194
1289537859
1263171482
1417243636
1467266644
1391060875
565157001
1403018727
539416648
1473189789
1412632193
1428133488
1407186799
1095278418
958502663
711451109
358870695
983723592
1464707421
1326837013
973090507
1514167749
1433081979
1485913852
1358092104
1363141263
1060114534
1421799374
1446519013
1405956073
1248594491
1056738136
1095440288
1420800370
1433239863
297631223
1424849086
472205053
761827934
1389605410
1096782087
1196942495
795236537
1476302784
522390580
1316638009
1085596129
732464404
818286407
1431220838
364935788
1400151791
1490151199
1479198881
1263171246
901186421
1307272714
1283189357
788654969
1272710631
1117818647
1463512232
1444423027
1284793072
1043355133
1439890169
1479362778
1430298385
757015834
780237246
667338937
1457707513
1300650907
1154280600
941143546
1101426895
1435885177
935749763
1290069019
946224424
1128887341
1019871685
1408482844
1429512636
851056495
468005383
1439469085
1418090931
1300495029
1136457020
1350906259
1467660623
387800539
574760051
1447831410
1066506391
1416228762
1209362405
1371008039
1079989895
1476159848
173951580
1440807977
1403826841
1185606887
1074182134
956982336
1261287620
610843212
1166769518
518326001
1228558378
1193284111
1424298443
1435249459
503484614
1469554842
1465107737
1457164727
724524100
1297081885
1452759968
1275782597
1060133425
1449529316
1265100761
1292459699
1453512356
1200721047
1147202375
1411280613
1329569691
1191702643
1009911736
1442624605
1247295777
1381843641
1059955650
1045688944
703710165
1123309727
727329417
1434441362
904438366
805475051
840797817
985559593
1239704315
1365115335
356805918
977181478
1131451915
1462816610
1373326709
1318825006
905578984
1401394686
1457253907
689860441
1339059173
559681377
1456847915
602222693
1260744260
1377930078
1039312239
1468150182
1448341292
1209110691
1147765508
1418453248
1409365197
1461838356
1507029598
1415375793
1233270082
904741927
1477608388
1044303439
1491898135
969531797
1363301027
1197198014
1422874354
1359904438
1447649597
1211027357
1423571268
552513409
1020015418
1164610274
358860862
1326610138
700682723
1315374168
1200721994
1469125134
835865349
1336177562
997199878
1187525750
629924347
1458676641
1420056879
1493039139
671397085
1466695585
1310292328
895866465
498251581
862784730
1021605930
924147561
1029270696
1419406064
1387407779
1476279410
1406365929
1118490760
1109009454
671395857
1337388395
1447084595
1366898478
1471881162
1341174227
1288894641
1119902152
1373213996
1463537098
1416683043
1447298999
1425742224
308076765
1191439511
1463253925
1353141114
1378067013
1441965700
1169718971
1033905825
1325151104
1340654837
1461980927
1147205669
1447655271
1427577526
993866717
668492030
1234010247
1465481316
888248259
1436624306
1423908485
1459890658
1359944220
1013814661
1465460828
696944774
367747268
1355341629
1429036489
1222035083
1454738128
508702363
1280466957
1000821501
1462577746
565156630
1387804545
1389480773
1412865728
1447838289
1295655367
1273685096
1430112133
660350974
1471115913
1401863865
1250831639
1244059814
1235120374
986601465
1312319718
1444135226
1250828071
1408065951
708474786
1436542174
825705931
1239521463
884192836
1233253199
1148383687
1456866157
1477529188
525514856
1383028112
1283268100
855591239
880951946
473594705
458648943
688778177
1383428848
1496679809
1429029050
954232937
1351714445
1295145184
1459114468
1249165287
1360001447
707222659
1204214530
822698203
1428745753
1055875731
1420879767
1305253816
1151465328
485166503
1045770498
1058160372
1447529424
1190823673
350431456
1019718108
1414385783
1257025601
1103045922
1311818476
1166058653
1065129178
1269272790
708581039
1429044876
565156023
1034213912
1479348962
1314327454
1457954962
1097598764
1315393338
1477704906
947825829
1447120260